6.400000000000000133e-01 1.090000000000000080e+00 1.342999999999999972e+01 2.399999999999999911e-01 1.408000000000000007e+01 9.200000000000000400e-01 1.377999999999999936e+01 1.799999999999999933e-01 6.500000000000000222e-01
7.700000000000000178e-01 7.600000000000000089e-01 1.111999999999999922e+01 1.499999999999999944e-01 1.184999999999999964e+01 5.600000000000000533e-01 1.121000000000000085e+01 8.000000000000000167e-02 2.999999999999999889e-01
8.900000000000000133e-01 5.999999999999999778e-01 9.439000000000000057e+00 1.300000000000000044e-01 1.009999999999999964e+01 4.299999999999999933e-01 9.519000000000000128e+00 5.999999999999999778e-02 1.700000000000000122e-01
1.020000000000000018e+00 4.799999999999999822e-01 8.244999999999999218e+00 8.999999999999999667e-02 8.827999999999999403e+00 3.499999999999999778e-01 8.144999999999999574e+00 4.000000000000000083e-02 1.000000000000000056e-01
1.139999999999999902e+00 3.599999999999999867e-01 7.216999999999999638e+00 4.000000000000000083e-02 7.794999999999999929e+00 2.700000000000000178e-01 7.150000000000000355e+00 2.999999999999999889e-02 7.000000000000000666e-02
1.260000000000000009e+00 3.200000000000000067e-01 6.421000000000000263e+00 4.000000000000000083e-02 6.991999999999999993e+00 2.200000000000000011e-01 6.349999999999999645e+00 2.000000000000000042e-02 5.000000000000000278e-02
1.389999999999999902e+00 2.999999999999999889e-01 5.767999999999999794e+00 4.000000000000000083e-02 6.312000000000000277e+00 1.700000000000000122e-01 5.663000000000000256e+00 2.000000000000000042e-02 2.999999999999999889e-02
1.510000000000000009e+00 2.600000000000000089e-01 5.179999999999999716e+00 4.000000000000000083e-02 5.727000000000000313e+00 1.600000000000000033e-01 5.083000000000000185e+00 2.000000000000000042e-02 2.500000000000000139e-02
1.639999999999999902e+00 2.399999999999999911e-01 4.665000000000000036e+00 2.999999999999999889e-02 5.241999999999999993e+00 1.400000000000000133e-01 4.541999999999999815e+00 2.000000000000000042e-02 1.499999999999999944e-02
1.760000000000000009e+00 2.099999999999999922e-01 4.205000000000000071e+00 4.000000000000000083e-02 4.838000000000000078e+00 1.300000000000000044e-01 4.102999999999999758e+00 2.000000000000000042e-02 1.000000000000000021e-02
1.879999999999999893e+00 2.200000000000000011e-01 3.746999999999999886e+00 5.000000000000000278e-02 4.482999999999999652e+00 1.400000000000000133e-01 3.697000000000000064e+00 2.000000000000000042e-02 7.000000000000000146e-03
2.009999999999999787e+00 2.999999999999999889e-01 3.205000000000000071e+00 5.999999999999999778e-02 4.152000000000000135e+00 2.099999999999999922e-01 3.271999999999999797e+00 2.000000000000000042e-02 7.000000000000000146e-03
2.129999999999999893e+00 6.999999999999999556e-01 2.704000000000000181e+00 5.000000000000000278e-02 3.858000000000000096e+00 2.899999999999999800e-01 2.862999999999999989e+00 2.000000000000000042e-02 7.000000000000000146e-03
2.259999999999999787e+00 1.020000000000000018e+00 2.576999999999999957e+00 5.999999999999999778e-02 3.585999999999999854e+00 4.299999999999999933e-01 2.455000000000000071e+00 2.000000000000000042e-02 7.000000000000000146e-03
2.379999999999999893e+00 1.179999999999999938e+00 2.608000000000000096e+00 5.000000000000000278e-02 3.323999999999999844e+00 6.199999999999999956e-01 2.080999999999999961e+00 2.000000000000000042e-02 7.000000000000000146e-03
2.500000000000000000e+00 1.219999999999999973e+00 2.564000000000000057e+00 5.000000000000000278e-02 3.092999999999999972e+00 1.040000000000000036e+00 1.832999999999999963e+00 2.000000000000000042e-02 7.000000000000000146e-03
2.629999999999999893e+00 1.250000000000000000e+00 2.483000000000000096e+00 5.000000000000000278e-02 2.869000000000000217e+00 1.310000000000000053e+00 1.848999999999999977e+00 2.000000000000000042e-02 7.000000000000000146e-03
2.750000000000000000e+00 1.239999999999999991e+00 2.396999999999999797e+00 4.000000000000000083e-02 2.657000000000000028e+00 1.379999999999999893e+00 1.913999999999999924e+00 2.000000000000000042e-02 7.000000000000000146e-03
2.879999999999999893e+00 1.250000000000000000e+00 2.305000000000000160e+00 4.000000000000000083e-02 2.462000000000000188e+00 1.449999999999999956e+00 1.947999999999999954e+00 2.000000000000000042e-02 7.000000000000000146e-03
3.000000000000000000e+00 1.280000000000000027e+00 2.206999999999999851e+00 5.000000000000000278e-02 2.274999999999999911e+00 1.459999999999999964e+00 1.957999999999999963e+00 2.000000000000000042e-02 7.000000000000000146e-03
3.120000000000000107e+00 1.320000000000000062e+00 2.116000000000000103e+00 5.000000000000000278e-02 2.069999999999999840e+00 1.469999999999999973e+00 1.951999999999999957e+00 2.000000000000000042e-02 7.000000000000000146e-03
3.250000000000000000e+00 1.330000000000000071e+00 2.044999999999999929e+00 5.000000000000000278e-02 1.864000000000000101e+00 1.459999999999999964e+00 1.933000000000000052e+00 2.000000000000000042e-02 7.000000000000000146e-03
3.370000000000000107e+00 1.360000000000000098e+00 1.975000000000000089e+00 7.000000000000000666e-02 1.657000000000000028e+00 1.479999999999999982e+00 1.895000000000000018e+00 2.000000000000000042e-02 7.000000000000000146e-03
3.500000000000000000e+00 1.370000000000000107e+00 1.915999999999999925e+00 1.000000000000000056e-01 1.419000000000000039e+00 1.500000000000000000e+00 1.866000000000000103e+00 2.000000000000000042e-02 7.000000000000000146e-03
3.620000000000000107e+00 1.360000000000000098e+00 1.864000000000000101e+00 1.400000000000000133e-01 1.141999999999999904e+00 1.479999999999999982e+00 1.870999999999999996e+00 2.000000000000000042e-02 7.000000000000000146e-03
3.740000000000000213e+00 1.340000000000000080e+00 1.820999999999999952e+00 1.700000000000000122e-01 8.289999999999999591e-01 1.479999999999999982e+00 1.883000000000000007e+00 2.000000000000000042e-02 7.000000000000000146e-03
3.870000000000000107e+00 1.379999999999999893e+00 1.782999999999999918e+00 8.100000000000000533e-01 3.920000000000000151e-01 1.540000000000000036e+00 1.897999999999999909e+00 2.000000000000000042e-02 7.000000000000000146e-03
3.990000000000000213e+00 1.379999999999999893e+00 1.729000000000000092e+00 1.129999999999999893e+00 6.159999999999999920e-01 1.530000000000000027e+00 1.893000000000000016e+00 2.000000000000000042e-02 7.000000000000000146e-03
4.120000000000000107e+00 1.399999999999999911e+00 1.679000000000000048e+00 1.340000000000000080e+00 9.639999999999999680e-01 1.530000000000000027e+00 1.889000000000000012e+00 2.000000000000000042e-02 7.000000000000000146e-03
4.240000000000000213e+00 1.419999999999999929e+00 1.633000000000000007e+00 1.389999999999999902e+00 1.161000000000000032e+00 1.489999999999999991e+00 1.877999999999999892e+00 2.000000000000000042e-02 7.000000000000000146e-03
4.360000000000000320e+00 1.449999999999999956e+00 1.633000000000000007e+00 1.409999999999999920e+00 1.264000000000000012e+00 1.469999999999999973e+00 1.868999999999999995e+00 2.000000000000000042e-02 7.000000000000000146e-03
4.490000000000000213e+00 1.459999999999999964e+00 1.645999999999999908e+00 1.409999999999999920e+00 1.330999999999999961e+00 1.429999999999999938e+00 1.846999999999999975e+00 2.000000000000000042e-02 7.000000000000000146e-03
4.610000000000000320e+00 1.449999999999999956e+00 1.667999999999999927e+00 1.379999999999999893e+00 1.372000000000000108e+00 1.379999999999999893e+00 1.802999999999999936e+00 2.000000000000000042e-02 7.000000000000000146e-03
4.740000000000000213e+00 1.409999999999999920e+00 1.691000000000000059e+00 1.350000000000000089e+00 1.387000000000000011e+00 1.350000000000000089e+00 1.749000000000000110e+00 2.000000000000000042e-02 7.000000000000000146e-03
4.860000000000000320e+00 1.409999999999999920e+00 1.741000000000000103e+00 1.330000000000000071e+00 1.393000000000000016e+00 1.330000000000000071e+00 1.687999999999999945e+00 2.000000000000000042e-02 7.000000000000000146e-03
4.980000000000000426e+00 1.370000000000000107e+00 1.782999999999999918e+00 1.310000000000000053e+00 1.389000000000000012e+00 1.330000000000000071e+00 1.631000000000000005e+00 2.000000000000000042e-02 7.000000000000000146e-03
5.110000000000000320e+00 1.340000000000000080e+00 1.798999999999999932e+00 1.300000000000000044e+00 1.377999999999999892e+00 1.320000000000000062e+00 1.576999999999999957e+00 2.000000000000000042e-02 7.000000000000000146e-03
5.230000000000000426e+00 1.280000000000000027e+00 1.802000000000000046e+00 1.280000000000000027e+00 1.366999999999999993e+00 1.320000000000000062e+00 1.536000000000000032e+00 2.000000000000000042e-02 7.000000000000000146e-03
5.360000000000000320e+00 1.229999999999999982e+00 1.792000000000000037e+00 1.280000000000000027e+00 1.356999999999999984e+00 1.300000000000000044e+00 1.497000000000000108e+00 2.000000000000000042e-02 7.000000000000000146e-03
5.480000000000000426e+00 1.179999999999999938e+00 1.768000000000000016e+00 1.260000000000000009e+00 1.344000000000000083e+00 1.310000000000000053e+00 1.459999999999999964e+00 2.000000000000000042e-02 7.000000000000000146e-03
5.599999999999999645e+00 1.129999999999999893e+00 1.737000000000000099e+00 1.250000000000000000e+00 1.342000000000000082e+00 1.300000000000000044e+00 1.427000000000000046e+00 2.000000000000000042e-02 7.000000000000000146e-03
5.730000000000000426e+00 1.080000000000000071e+00 1.699000000000000066e+00 1.219999999999999973e+00 1.336000000000000076e+00 1.300000000000000044e+00 1.387000000000000011e+00 2.000000000000000042e-02 7.000000000000000146e-03
5.849999999999999645e+00 1.040000000000000036e+00 1.651000000000000023e+00 1.199999999999999956e+00 1.324999999999999956e+00 1.300000000000000044e+00 1.350000000000000089e+00 2.000000000000000042e-02 7.000000000000000146e-03
5.980000000000000426e+00 1.010000000000000009e+00 1.598999999999999977e+00 1.179999999999999938e+00 1.312000000000000055e+00 1.300000000000000044e+00 1.304000000000000048e+00 2.000000000000000042e-02 7.000000000000000146e-03
6.099999999999999645e+00 9.899999999999999911e-01 1.550000000000000044e+00 1.149999999999999911e+00 1.296000000000000041e+00 1.330000000000000071e+00 1.276999999999999913e+00 2.000000000000000042e-02 7.000000000000000146e-03
6.219999999999999751e+00 9.799999999999999822e-01 1.493000000000000105e+00 1.139999999999999902e+00 1.276999999999999913e+00 1.330000000000000071e+00 1.250999999999999890e+00 2.000000000000000042e-02 7.000000000000000146e-03
6.349999999999999645e+00 9.699999999999999734e-01 1.439999999999999947e+00 1.120000000000000107e+00 1.254999999999999893e+00 1.340000000000000080e+00 1.225999999999999979e+00 2.000000000000000042e-02 7.000000000000000146e-03
6.469999999999999751e+00 9.499999999999999556e-01 1.387999999999999901e+00 1.100000000000000089e+00 1.231999999999999984e+00 1.320000000000000062e+00 1.203000000000000069e+00 2.000000000000000042e-02 7.000000000000000146e-03
6.599999999999999645e+00 9.399999999999999467e-01 1.336999999999999966e+00 1.070000000000000062e+00 1.211999999999999966e+00 1.280000000000000027e+00 1.187999999999999945e+00 2.000000000000000042e-02 7.000000000000000146e-03
